6.78962
35.2393
-56.5169
-10.025
36.9678
-32.0397
32.6526
17.7105
-47.958
3.98675
21.549
-6.34297
-1.49534
-8.40679
-7.72948
20.491
-8.47917
-20.6299
56.6839
10.4812
18.5581
13.4951
22.1408
-15.8885
-21.8859
9.85344
22.9958
17.8295
-27.119
24.2395
-29.2642
-18.4615
0.00720862
9.58921
2.83613
15.0846
-61.7747
-4.7237
-54.7269
-22.5459
41.3112
-66.0528
32.9233
19.9375
47.8005
-9.92741
6.84578
-25.7583
33.252
-1.77542
36.7476
-12.2899
-9.87978
-46.4637
33.1993
-18.3303
70.9868
0.473644
-12.3909
-10.3915
27.7963
15.1124
60.8315
-8.39733
3.26986
12.1869
-39.2668
3.07189
-21.2726
-0.95266
58.3689
13.6436
-48.438
-58.0613
0.224532
8.66612
-13.9128
28.3327
-7.14083
-3.34358
-16.5987
-31.6433
-34.349
6.73069
-16.239
37.2564
8.52632
20.6948
54.2598
19.9499
-35.8417
-11.4332
-42.7913
-14.6574
-36.6679
53.9518
-49.7291
49.9499
25.248
-37.1303
24.5416
-34.3315
6.54987
-21.6519
-103.848
-29.7818
31.8795
17.8312
19.3014
38.0354
1.28397
48.9486
-33.2094
4.31898
-48.5549
-4.53333
-19.7538
-21.2119
2.32614
-2.1562
29.6874
-4.30751
-44.1545
-34.798
7.26123
-5.59449
-26.8976
-30.893
85.5181
-7.59186
-66.9532
-42.8304
-35.5638
-38.1008
16.8525
19.0869
-1.22766
4.73833
-47.5666
8.97273
23.1234
-48.7469
8.44678
15.3916
-25.6743
46.6693
100.798
-17.5811
-12.8211
15.2169
13.7316
-34.693
-47.033
-37.4764
49.644
-53.8146
11.4108
-18.3534
-3.61061
-27.2588
-1.82397
49.9337
52.242
16.3445
52.3837
-18.7583
-23.2177
-5.6623
34.0821
-19.2469
-0.0724749
37.9068
-29.8858
34.6986
-20.2194
15.5573
25.4268
11.2463
-1.63868
-25.2477
-48.2061
-68.3252
17.5714
-12.555
9.99431
24.787
-25.0361
-42.0242
-15.2262
-50.9244
-6.96231
-17.4627
-52.5246
29.5749
-26.9048
4.84952
10.3872
22.4787
-30.5489
-12.8099
45.3066
4.10017
8.38299
-21.0132
16.9193
-83.8834
-25.3731
54.9483
-15.7084
13.0644
20.8272
-4.84889
16.3541
-5.01816
-9.5367
-40.0296
-67.3295
-9.2419
1.12659
-9.41819
-86.749
-1.88873
-44.7216
29.5822
18.9059
-27.5223
-4.30942
-32.0999
-34.3115
20.9222
-19.0729
7.27367
-68.9884
-3.17523
8.16967
31.9328
-9.66152
3.05874
-0.723925
30.3946
19.8518
13.1586
25.5807
51.503
18.6065
1.85565
-16.2168
-9.19367
-20.1365
-30.8129
74.8064
59.2862
17.8247
26.8228
-5.08001
28.4614
-7.09442
-23.3158
63.8973
-28.4906
-1.44665
-17.2021
15.2207
28.6131
16.5355
-16.8928
-13.5762
-33.5071
-42.7151
-4.24718
19.4555
-16.9035
-17.5002
21.8342
-4.154
-18.7876
23.2584
10.885
9.02659
3.13604
-8.9943
-29.1593
42.7185
-30.9591
-55.593
21.8985
-22.3435
21.5876
-13.6472
28.8489
20.1646
35.915
-24.0989
5.28533
-11.5165
2.65699
53.6031
-29.5947
14.109
-58.9472
-10.3331
-32.8805
-26.8558
-9.02173
-5.84878
4.28594
2.3327
-17.8371
53.1444
22.2497
33.3601
-20.5415
5.50873
-9.47956
18.325
-24.7181
10.0738
68.733
-76.7183
-45.0433
28.7264
-3.03722
58.4639
-3.28669
16.8022
65.0781
-34.0519
-26.083
-66.8946
23.1802
-38.6938
4.68862
-16.2883
-66.1234
-18.4594
-1.44392
-25.7265
-0.0149726
33.5827
0.927443
-52.5888
22.5046
23.0337
19.4294
-3.03711
-35.2776
-3.17667
-16.756
31.0046
11.0439
6.86302
31.7609
41.6171
-24.4058
27.6698
-2.15218
-6.1816
17.3435
-29.1133
16.1849
-9.88565
31.2853
-50.6675
5.54007
72.4581
-20.344
-1.83024
7.75044
-21.8009
-25.7984
-24.334
1.91527
-47.9017
-41.5429
-16.6354
-32.914
-16.3601
33.4565
-18.3242
25.323
-4.74772
0.250776
33.8289
-54.4818
11.1203
41.7549
-7.20455
24.9667
56.0448
-37.1313
13.9158
34.5601
14.5658
25.6537
-19.8672
16.0148
62.5011
53.048
-2.9367
-3.78164
-11.4506
61.4609
-6.28956
-26.9846
30.6808
52.1977
-30.0676
-37.4035
20.8682
-20.4141
-67.7541
-80.0971
-20.18
13.631
-3.48063
13.619
67.6596
44.7176
-34.5358
-27.3268
-55.4256
-19.6656
33.9141
-52.3717
76.8837
-13.9854
1.8719
-38.0153
41.9976
16.3233
-3.32322
-45.8594
-7.35064
51.7167
-14.84
22.5641
41.4386
-17.9297
-18.4177
44.1562
5.02612
17.0848
1.75588
46.4953
0.849392
17.6864
19.3965
-17.1196
-23.9732
23.4542
-21.8321
-1.15415
42.124
-2.20564
34.9635
22.2248
-44.8134
-3.80553
-52.6544
3.48902
-5.86946
4.48081
-1.10564
26.4616
-48.4929
-33.1353
29.1313
-40.7082
88.3883
45.8241
-34.6895
38.9761
16.8242
-24.638
-7.0673
-30.2965
28.0612
8.86496
-49.3287
-27.9536
20.3542
2.9749
84.473
37.6608
29.6635
5.33104
-14.4766
-20.7971
-13.58
-0.301386
40.5539
-3.3951
-75.1443
6.49923
-35.4881
-17.8576
73.8828
-36.0087
-17.7492
15.5094
-11.5711
-0.245944
21.3552
-10.2274
3.70862
38.0489
-36.8805
-47.0874
-1.46313
60.5982
-62.5006
51.252
14.2016
-31.244
-34.4662
-6.19109
19.9062
-28.6848
13.2354
-1.98559
-16.1428
12.5778
32.208
38.41
-50.9298
-27.1806
-55.8454
-40.4476
-3.93395
61.11
-17.5139
-36.5415
16.9146
23.5639
4.77645
-5.05347
-12.2294
-20.4724
-27.8531
16.0463
-23.2046
22.1155
-2.29656
-11.8199
-2.01972
20.4851
26.5507
-17.7872
-14.6627
47.2131
2.76177
29.8948
41.4079
-0.00146068
32.3891
3.45804
-28.8401
0.594092
-0.837901
1.96578
25.4646
45.4453
33.5321
3.55317
-62.5707
-10.6831
-27.122
21.0478
1.33855
58.366
35.0732
7.56213
-9.91708
-23.5493
30.1857
-2.92354
8.21548
28.2008
-27.0113
-4.66475
-14.6396
67.8007
-5.54226
-43.0718
14.2916
17.4112
3.27084
61.5862
-39.646
0.577973
-29.7812
-0.0543199
-52.2268
82.62
-9.5386
15.4265
14.6092
-67.6152
36.4786
-1.00932
8.79731
-77.2135
13.8663
22.6672
-16.7802
-16.8524
16.363
-16.3147
24.5248
32.8813
10.116
32.2632
-14.5806
43.9953
9.77752
44.6507
15.7967
15.815
17.4124
2.28187
-49.4139
29.2408
-12.451
70.8662
26.4265
10.8076
-35.8704
-51.2319
-43.2894
-15.8994
17.5313
-31.2891
66.9056
-21.3049
-48.1111
15.4697
-32.9026
-10.1647
33.8388
-93.9394
-29.3785
-20.7431
7.9972
13.3864
19.0043
17.7945
-20.7734
66.4617
22.1359
18.7232
-33.8269
28.7266
-15.9321
-19.0418
41.5342
-15.5652
-20.0528
-20.7137
-34.4284
-24.7698
30.9821
-59.075
5.66148
-3.20855
5.57536
44.2861
-37.0047
35.0652
-5.09033
41.2727
-11.9288
6.50762
-18.9321
-10.7435
-15.541
30.7434
-6.53918
12.0841
6.80079
-10.9199
36.4235
7.53177
-2.45548
-38.4192
15.4337
56.9401
5.03505
-60.7301
23.2377
-21.0491
-32.182
56.3221
3.59037
-72.5134
20.0507
17.981
25.1055
-46.4964
2.53042
9.74328
68.7091
-6.71113
-27.6021
-36.1181
34.8036
21.9963
36.1121
-11.3865
-27.525
12.1532
37.371
-90.1533
19.8409
50.2364
8.06172
-53.6439
-19.987
16.2985
58.5052
-18.3339
50.2571
27.8092
-17.7768
9.24296
-28.5972
7.77983
-41.7322
17.1857
71.758
31.6167
-22.3408
-8.82992
18.6125
-36.4356
41.6321
2.65117
40.528
37.0049
23.576
3.01291
9.33777
-53.6253
-3.66539
-29.5366
22.5983
13.7454
-51.9913
-10.5352
-60.8501
-10.5421
-58.1487
3.9516
18.9572
-46.9154
30.2675
17.3615
-13.5333
-18.5644
57.1281
-14.663
14.9895
21.6963
19.0064
-50.0349
8.06842
-10.1047
30.8771
27.347
14.9313
-13.6946
16.6346
20.5485
95.7829
-5.19174
9.6783
-43.9857
2.47328
-16.3162
45.6447
21.2443
-11.3739
2.69462
10.0511
-26.3089
51.3933
22.3043
-79.5279
54.8429
-0.436298
18.0292
-97.4449
39.5708
42.9986
1.3322
21.9418
14.8499
-0.234253
-32.6781
-19.4937
10.9216
-11.4009
10.1261
54.3502
21.1601
23.6988
-35.1589
32.5493
0.224379
3.83796
37.3098
-51.4981
-45.1022
39.4163
-40.787
-24.1828
-29.1714
17.1831
39.2957
-49.1273
-0.0376559
23.6536
-39.7086
-9.77478
56.0493
-26.1202
27.9085
18.1871
-39.3527
45.8934
-5.5954
-4.94661
66.6669
24.5751
-14.6957
2.2507
-4.41545
-7.56259
-11.767
-4.24303
17.0213
22.0973
7.48942
-48.2776
-1.37609
71.039
2.9518
14.7479
24.7008
6.33996
10.0233
47.1115
55.2614
34.3437
-7.65597
-26.8259
-35.7682
-18.6881
23.3346
1.99324
53.7511
-18.0798
-9.03202
-20.9121
-57.7806
14.8763
-9.9978
20.5375
-44.8774
18.2661
2.89576
59.4006
-34.3035
14.6053
-12.4878
20.207
50.896
24.7778
-34.6182
-32.5659
-19.0133
15.6634
11.0836
6.28193
-11.9485
-33.963
42.2886
-67.4854
-78.464
-1.84964
26.9791
31.6377
-23.5182
21.2564
36.8332
6.15144
37.5465
-38.0162
-17.9087
-26.9994
-11.3363
16.5825
-6.64608
-6.52638
-2.74093
95.4379
27.5152
54.1117
-5.33855
-71.2141
-12.5554
44.8632
25.1545
29.2383
31.4405
-18.8369
32.2309
48.3186
-28.4549
10.2472
-20.964
-12.1089
43.9544
-19.5739
-39.6524
-10.151
4.53856
14.1994
-49.0317
5.51151
14.4808
-6.47426
39.9314
-3.31997
47.1685
-17.3748
-47.7569
-49.3692
8.98816
-23.718
-46.2265
-24.1884
-26.6931
-74.5009
21.8265
-5.59046
7.68218
75.8309
-27.4859
31.3599
-21.4569
34.3466
11.8507
-37.2348
-43.1636
-0.406357
-2.49971
-9.1105
2.49805
-38.7871
4.18438
-16.9754
-32.8659
9.93338
-4.48926
-21.738
-2.84836
-10.0271
-38.8855
-19.9634
52.5859
76.312
5.82306
7.1933
33.9596
-40.9023
22.9492
20.9502
-26.8637
14.7356
54.453
32.0251
1.22926
21.3167
16.6392
43.5775
-2.72202
28.6164
26.4326
3.76384
11.6615
44.5637
-15.4508
-32.3168
-9.59564
-56.6462
84.0896
32.6205
-4.26957
-21.7349
-13.8608
