   38.2807
   9.55723
  -3.39688
  -2.67064
  -4.63956
   38.5489
   -7.3989
   22.3975
  -17.4309
  -38.6598
    43.212
   14.7404
  -4.21466
  -21.8556
   29.1174
   25.5511
   -26.201
   12.5604
  -21.4511
  -14.4519
   23.9772
   10.1357
     47.72
  -27.2457
  -7.83734
  -16.7849
  -16.7626
  -3.16652
  -22.3326
  -12.9961
   54.4713
   9.63882
   -1.2167
   8.91884
   49.9767
  -10.9832
  -16.0516
  -21.2637
   20.6757
  -18.0208
  -9.61801
   6.63849
  -16.7834
  -24.9243
   37.2165
    5.7799
  -10.7744
   20.9306
  -32.7327
  -43.3213
   35.1117
   14.5157
   30.3292
   27.7844
   34.9941
  -1.33565
  -30.0899
   -35.062
  0.766232
  -6.38141
  0.389532
   27.6871
  -9.81325
   13.0959
   -5.6372
  -34.2239
   17.5991
  -23.6003
   20.9791
  -22.2154
   14.2909
    38.306
   24.2869
    7.9923
   9.39395
   25.4152
   -12.076
   42.2075
  -32.7647
  -22.1563
  -31.6986
   23.6988
   6.42968
   2.54555
   39.0848
   63.9428
  -37.0043
   27.8541
   4.28686
   4.09329
  -4.83887
   7.99056
  -18.2849
   33.7297
  -20.8982
   36.4655
  -9.44102
  -44.9202
   31.2283
   7.72012
  -28.5069
  -18.1263
  -9.10295
  -31.1614
  -7.22034
  -11.1716
   7.89866
  -6.68623
   3.37383
  -26.8628
  -13.9729
   12.7603
   7.44129
  -20.4576
  -9.53553
  -40.0478
  -10.4987
   34.4848
  -13.3316
   14.6133
  -11.3146
    80.859
  -21.8198
   7.41197
  -11.1171
  -13.3221
   16.9067
   -12.304
   43.8786
   38.5674
   8.63486
   5.16008
   22.8048
  -4.01625
  -50.8603
  -8.55459
   8.56631
   3.04432
  -56.2886
    22.497
   4.01504
  -13.7303
  -35.8766
   2.35748
   21.1763
  -4.96558
   17.4323
    37.692
   70.2138
  -27.8394
   5.51259
   20.3427
   48.5079
  0.971723
   8.69531
   55.6853
   -34.842
   29.8487
   11.0635
  -10.0153
  -21.4918
 -0.649578
  -34.7358
   18.8329
   6.27033
   1.24146
  -5.85229
  -4.11842
  -14.4795
   4.46311
   21.6125
   6.46799
  -15.0617
  -0.83584
   10.0102
   5.49709
   13.4328
   39.3605
   71.9924
   7.45759
   4.91808
  -12.6743
   3.54631
  -44.0056
  -10.0415
   23.2541
   27.6348
   35.5625
   -6.8169
   12.3576
   11.9551
  -24.4922
  -8.07468
  -13.1532
  -11.3717
   23.2364
  -42.2364
  -16.6437
   29.9061
    15.116
   3.13013
  -25.9166
  -1.19023
   46.6073
  -20.1062
  -25.8138
   23.4656
  -17.5202
  -27.0215
  -53.7114
  -7.37976
  -10.7782
   12.0244
   14.2604
  -12.5212
   24.1609
  -12.1125
  -16.0846
  -36.4102
   30.3008
  -25.0372
   15.8003
     39.39
  -18.7796
  -32.0269
   17.5866
   37.4559
   18.7591
   8.44961
  0.381228
   3.45551
   -1.0495
    11.738
  -8.09733
  -15.8982
  -0.35801
  -1.50024
  -8.26749
    15.484
   27.7875
   23.5451
   15.1774
  -30.5762
    16.032
   15.2556
  -21.6525
  -7.23669
    12.593
    3.8375
   -44.009
  -3.22894
   28.2577
   15.9988
  -40.3276
    9.4369
   2.24619
   40.9995
  -15.1325
   2.61844
  -54.1641
   18.9814
   1.29141
  -23.1506
   10.0527
   18.2507
   6.53544
    19.339
   -36.947
  -5.18092
  -3.69664
   14.4849
   11.0965
  -34.8968
   -2.0961
   22.4936
   25.1312
  -32.4556
  -5.06729
  -3.94433
  -7.76842
  -12.1835
  -19.5804
   -9.3068
   6.43527
   26.0554
  -63.7359
   16.1091
    -4.082
  0.703247
   9.92474
  -30.9729
   -8.2967
  -6.36571
  -2.16948
  -0.98076
   6.87876
   7.53111
   -4.9128
  -11.1437
  -20.6393
  -12.6481
   18.2305
   46.8472
   40.7572
   37.5922
  -28.2129
   -13.568
  -2.32172
   1.22966
  -23.4649
   26.6484
  -4.81268
  -39.1283
  -11.8713
  0.285616
  -14.0537
   43.5724
   6.12621
   7.09223
  -40.8017
    7.5472
   -12.502
  -13.0169
   25.9013
   33.8642
  -28.8986
   9.57151
   0.27447
   7.82951
  -17.5095
   7.61725
   21.6517
   3.09067
   41.0544
   8.15696
 -0.531459
  -20.3483
   6.34511
  -29.2652
    0.4187
   29.0296
   -14.917
  -21.2782
   -2.0856
   2.81911
  -10.4615
   16.3715
   32.7322
   19.4888
   5.62158
   19.3499
 -0.959878
  -6.23575
   -10.536
  -19.4583
  -21.9345
   1.00606
   30.2932
   -25.066
  -18.9212
   18.6707
   -11.651
   26.1774
   6.53244
   26.1633
  -16.9458
    19.385
  -24.8527
   -10.391
  -22.7421
   4.51294
   29.9718
  -45.6586
   19.5541
   1.97111
   13.9537
   -30.545
   15.7842
  -25.0562
   9.30541
 -0.660542
   14.7148
 -0.427268
   -40.838
   15.5409
  -4.91187
   16.0855
  -47.2723
   34.1839
   2.55977
   25.4643
  -17.2956
   9.51347
  -14.9481
   5.67326
  -41.7165
  -28.3143
   12.9034
   11.9561
   21.1045
  -14.4746
    -39.41
  -39.1197
    18.599
   16.6044
 -0.817367
  -4.90719
  -23.7424
   14.2777
   23.4519
  -10.6545
  -57.6061
   24.4656
  -18.3163
  -24.8887
   16.3697
   14.2303
  -4.16122
  -4.89349
   39.2323
   33.0975
   17.1165
  -21.4897
   59.3465
  -14.0637
  -22.8825
  -50.7604
  -20.2594
   21.0915
   14.7866
   12.1689
   5.37205
  -32.4626
  -2.91798
   26.9581
  -37.6765
    6.2338
   41.4758
   14.4496
    -13.32
   30.4554
  -38.8066
   10.5817
   21.0148
   3.22101
  -18.1868
  -32.0899
   9.68735
  -40.6266
  -46.6079
  -4.56264
  -7.65719
   3.46166
   9.85776
  -41.7871
   8.25404
   8.09657
  -1.12617
   15.5429
    9.5338
   4.64431
  -22.5638
   16.3483
  -16.1917
   -24.204
  -20.2198
    19.049
  -22.8634
   3.23272
    25.727
   30.8031
  -32.8506
   15.7455
   -1.1096
   0.13752
    1.1021
  -18.9053
  -4.91553
  -32.0029
  -24.7059
  -18.2502
   42.4328
   30.3674
  -29.5419
  -11.4075
   22.6093
   66.8876
   10.7367
  -14.6334
   6.91765
  -12.9288
   16.0762
   31.7349
   23.3364
    -6.143
  -6.75463
   5.21205
   10.7135
    14.866
  -5.12056
   -3.1493
   19.2569
  -19.2167
   18.1894
   1.12783
  -23.1327
  -11.6291
  -31.4543
   54.9398
  -7.23126
  -34.9956
  -18.3592
   6.80548
  -29.6014
   5.96462
  -14.4495
  -8.56826
   8.87881
   9.06599
  -26.4154
   5.27483
  -9.96747
   10.6211
  -38.5791
   31.9868
   11.5362
   29.3806
   1.68784
  -18.7621
  -29.2036
   0.16339
  -37.6379
   39.8415
   10.3125
  -9.93293
   25.9082
   4.81024
    22.312
  -27.0215
   24.3518
   25.4757
  -9.90314
   17.0096
   14.0075
  -26.9029
   15.5883
  -25.6549
  -13.5477
  -37.4133
  -7.27836
   36.5958
  -1.86879
  -50.0705
   15.2734
  -19.6248
  -7.80295
   17.0273
  -15.3012
  -18.3112
   21.3758
  -18.4913
  -5.05029
  -3.02051
    19.137
   33.2206
   40.4757
   24.3119
   27.3936
   22.7023
   12.7119
   16.7479
   8.47098
   25.8339
  -13.5017
    16.391
   30.0717
  -21.1501
  -1.90347
   32.6084
  -18.6173
   16.3028
  -13.7151
   -15.717
   5.32552
  -16.6999
    -12.57
   23.5264
   17.6654
    7.2797
  -7.82292
   17.0007
  -8.71197
   6.70445
   16.4581
   38.9479
  -9.99454
  -27.3431
   8.28175
    56.823
    14.296
  -13.4939
   -11.113
  -31.9794
   13.7643
   10.2555
  -31.4401
   38.1955
  -20.2316
  -8.47627
   13.1572
  -5.60199
   33.7938
   9.37518
    37.421
   14.0407
  -36.0564
   25.4432
    14.472
    8.7542
  -20.7649
   26.0651
   1.70843
   27.7077
  -24.3525
   -9.5578
   17.6644
  -45.1109
  -31.5175
   -3.7546
  -13.9339
  -31.5374
  -25.0701
   26.9263
  -17.1599
   26.7534
  -8.98755
   3.23254
   8.69817
  -31.2962
  -17.6849
   29.8993
  -9.52874
    41.887
  -17.8643
   16.5616
   9.56717
   26.9875
   35.2676
  -18.6418
  -19.0826
  -18.6171
  -4.24879
   31.9554
    37.389
 -0.374294
  -29.0151
  -16.7003
   14.8566
   31.7564
  -25.9982
   35.6559
   2.33026
   3.66434
   4.44222
  -22.3586
  -5.54727
  -4.81545
  -40.5539
  -9.91755
   44.6598
   16.0251
  -7.24888
  -19.1604
  -14.9804
  -14.1038
  -3.51816
   27.3817
    -23.02
  -4.52235
  -21.0775
   31.5433
   8.08844
   14.3999
  -18.1428
   14.4511
  -37.9833
   11.8327
   1.22519
  -38.5942
  -14.2875
   45.2515
  -16.6746
  -3.35881
  -33.2599
   25.9614
   19.9949
    16.477
   -2.1753
   -27.748
  -23.6619
   1.84623
   18.3619
    3.3566
  -15.7022
  -10.9654
  -6.86257
   -17.734
   6.97647
   26.3618
   10.7094
     4.788
  -35.3022
  -30.8237
  -3.23919
    21.616
  -24.7839
   42.4364
  -13.4575
  -1.53055
  -13.6234
   2.90723
  -7.57298
  -9.50842
  -32.1647
  -24.3768
  -36.7237
  -20.6821
   3.13593
   6.25333
     33.83
   22.1638
  -10.5291
   34.0217
   41.8552
   8.87178
   33.3226
  -38.2288
   13.4095
  -9.22252
   12.1422
-0.0613081
  -41.2557
   -5.0281
    26.108
  -24.5508
   -51.215
  -9.41676
  0.856555
   -25.762
   6.59642
   21.2125
   -5.2399
   15.0844
  -28.9392
   -8.6718
    44.049
   9.50774
  -16.8949
     10.42
    41.321
    18.396
  -27.2902
   30.3499
  -36.3726
   2.36371
  -27.9138
   15.4409
   9.70852
  -4.81893
    10.332
  -73.4635
  -1.21045
  -18.8444
  -43.3014
   11.6633
   25.1758
   25.3206
  -33.4325
  -19.9622
  -15.8096
   52.9465
  -20.3201
   13.1203
    4.0851
  -8.43483
   48.8603
   3.15984
   37.2346
   17.9543
   7.16494
   16.4419
   7.89336
   38.9664
  -18.5198
   16.9131
  -1.79582
  -13.1208
  -1.98122
  -12.3788
  -1.86437
  -36.4373
  -32.0001
  -18.4503
  -18.7821
     27.85
   50.3079
  -10.4621
  -29.1229
  -54.4628
  -14.1838
   15.8334
  -39.5286
   12.2303
   31.6143
   11.3721
  -15.7254
     40.81
  -19.4119
    25.616
  -4.91444
   -43.054
  -21.0121
  -38.3219
  -3.19717
   35.4677
  -12.2471
  -18.2632
   16.1941
   2.27759
 -0.586795
   4.88887
   13.6965
   37.0981
   25.6181
 -0.709815
   34.6628
   21.4498
   34.6472
   10.5242
    47.224
   11.5429
  -47.7435
   18.1355
  -38.8586
  -1.58005
  -34.6867
  -15.8492
  -18.8214
   11.5391
   3.75495
   5.54415
  -9.85377
   5.29221
   20.3844
   9.88583
   24.4551
    16.519
   17.7206
   4.95035
  -10.0908
   3.98125
   -21.121
  -1.23542
  -31.5425
  0.352638
   46.7942
   8.08837
   3.20977
   3.96145
   14.0768
  -6.07706
   -26.957
   32.7898
    33.256
   34.5997
  0.221674
  -13.8511
   39.8538
   47.9788
   -14.515
   16.4455
    37.892
  -27.0281
  -46.0631
  -24.9626
   4.89538
   34.3956
   25.0465
   13.6691
  -7.74103
  -18.3982
  -14.4231
  -14.3191
  -4.40282
  -15.9096
    10.491
   12.4767
  -67.5963
    4.0571
  -2.07822
  -37.4477
  -7.31914
   32.0272
   -58.104
   47.2418
  -57.9746
   12.4253
   19.0583
   19.5142
 -0.786077
   17.3734
  -15.5493
   23.8164
   15.8132
  -2.56739
  -3.59764
   41.8783
  0.836934
  -47.9941
   9.94784
  -2.26178
   3.12985
  -23.2503
   9.54089
   -1.2643
  -50.0952
  -31.1517
   14.4075
   9.43286
   21.0394
 0.0591305
   6.52313
   43.6266
     12.66
   4.56754
  -6.24158
   22.3711
  -1.43334
  -5.33251
  -29.7637
  -15.6638
   43.9121
  -13.4821
   23.0904
   4.78899
   9.04515
   18.2165
  -6.78604
   13.1584
   -41.592
   26.7572
   38.6862
   14.8904
  -37.7267
   16.0588
  -27.4651
   26.0267
   29.2792
   12.1028
   11.6547
  -13.1827
    -7.817
  -22.7613
  -8.88964
   24.3334
  -16.5677
   26.1718
   19.7071
  -46.3462
   24.8792
  -18.8818
  -46.6791
   12.5515
   49.8983
  -22.0559
  -32.5183
  -21.1267
  -17.9929
    7.9195
  -41.5986
  -3.84827
  -5.48465
  -19.4632
   2.35925
  -19.0314
   39.3327
    -15.54
   27.0063
  -24.0079
   3.17871
   26.9131
  -11.2406
  -18.2195
  -7.08112
  -11.5651
  -28.5029
  -26.6046
   25.5456
   21.2489
  -4.77698
